[260.000000 200.000000 0.000000],[280.000000 240.000000 4.712389]
[200.000000 320.000000 4.188790],[200.000000 200.000000 2.094395],[140.000000 280.000000 5.497787]
[259.631623 200.252545 0.000000],[279.881167 240.124320 4.712389]
[200.618760 319.529768 4.188790],[199.855087 200.022315 2.094395],[140.297416 280.198422 5.497787]
[259.795815 200.086645 0.000000],[279.986441 240.303122 4.712389]
[199.947623 320.026961 4.188790],[200.185967 200.307198 2.094395],[139.537405 280.412470 5.497787]
[259.327582 200.109045 0.000000],[280.297320 240.539257 4.712389]
[200.628857 320.225492 4.188790],[199.743537 199.720534 2.094395],[139.654374 280.321762 5.497787]
[259.560603 199.741204 0.000000],[279.916230 240.026250 4.712389]
[200.007762 320.208921 4.188790],[199.989242 200.180086 2.094395],[140.091796 279.658670 5.497787]
[259.843881 200.650576 0.000000],[280.016757 240.180676 4.712389]
[199.498740 320.319193 4.188790],[200.289052 200.539333 2.094395],[140.418406 280.274453 5.497787]
[259.649934 200.481144 0.000000],[280.099209 240.149518 4.712389]
[199.881754 319.902053 4.188790],[199.974696 199.808991 2.094395],[139.421888 280.171032 5.497787]
[259.625389 199.740031 0.000000],[280.061161 239.768935 4.712389]
[199.570721 319.790898 4.188790],[200.024702 200.162966 2.094395],[139.641352 280.099244 5.497787]
[259.978496 199.809811 0.000000],[280.362663 239.657519 4.712389]
[200.227793 319.827998 4.188790],[199.735676 200.372100 2.094395],[139.643929 280.289356 5.497787]
[260.413449 200.210260 0.000000],[280.236522 239.733709 4.712389]
[199.691738 319.623652 4.188790],[199.977010 200.030384 2.094395],[140.022985 279.756120 5.497787]
[360.000000 180.000000 4.188790],[360.000000 160.000000 2.094395],[320.000000 140.000000 5.497787]
[70.000000 170.000000 0.785398],[120.000000 220.000000 0.785398]
[260.000000 240.000000 0.000000],[280.000000 240.000000 3.141593],[180.000000 260.000000 0.785398]
[360.065330 180.006671 4.188790],[359.277499 160.135866 2.094395],[320.466326 139.868274 5.497787]
[70.320267 169.732807 0.785398],[120.542091 220.180979 0.785398]
[259.426942 240.357908 0.000000],[279.874217 239.961024 3.141593],[179.970249 260.170391 0.785398]
[360.158372 180.444694 4.188790],[360.008808 160.284426 2.094395],[320.252381 139.679153 5.497787]
[70.772639 169.951983 0.785398],[119.783708 220.030172 0.785398]
[260.285152 240.358040 0.000000],[279.656256 239.597649 3.141593],[180.614332 260.114308 0.785398]
[359.489612 180.354639 4.188790],[359.997371 159.549261 2.094395],[320.139498 139.712717 5.497787]
[70.325124 169.908347 0.785398],[119.667355 219.994403 0.785398]
[259.722160 240.130775 0.000000],[279.805533 240.180071 3.141593],[180.051434 259.868643 0.785398]
[360.038109 180.077402 4.188790],[360.287588 160.207620 2.094395],[320.005692 140.191337 5.497787]
[69.849378 170.198403 0.785398],[119.715552 219.382888 0.785398]
[260.094495 239.531716 0.000000],[279.510298 240.238513 3.141593],[180.707334 260.262257 0.785398]
[359.716377 179.970708 4.188790],[359.811409 159.559898 2.094395],[319.897200 139.945473 5.497787]
[70.210658 170.076310 0.785398],[120.244393 220.228042 0.785398]
[260.069819 240.383036 0.000000],[279.552632 240.136889 3.141593],[180.144447 260.151947 0.785398]
[359.997578 179.943280 4.188790],[359.662231 159.764781 2.094395],[320.088791 140.011492 5.497787]
[69.845723 169.430756 0.785398],[119.760589 220.162286 0.785398]
[259.977059 240.253951 0.000000],[280.509632 240.015941 3.141593],[179.942156 259.573404 0.785398]
[359.903574 179.750398 4.188790],[359.834759 160.139689 2.094395],[319.887686 140.004147 5.497787]
[69.621969 170.061744 0.785398],[120.104509 219.793503 0.785398]
[260.393825 240.085778 0.000000],[279.934887 239.963893 3.141593],[180.640513 260.006700 0.785398]
[359.829442 180.203647 4.188790],[359.961366 160.073493 2.094395],[320.269701 140.215866 5.497787]
[69.919141 170.398794 0.785398],[120.082791 220.017236 0.785398]
[260.048623 239.668431 0.000000],[280.190251 240.125451 3.141593],[180.271978 259.915234 0.785398]
[359.306501 179.652202 4.188790],[360.217744 159.673789 2.094395],[320.194524 139.884356 5.497787]
[70.031478 169.506040 0.785398],[120.166583 220.169363 0.785398]
[259.891068 239.853854 0.000000],[280.535490 239.616278 3.141593],[179.968644 259.420353 0.785398]
[360.000000 180.000000 4.188790],[360.000000 160.000000 2.094395],[320.000000 140.000000 5.497787]
[240.000000 340.000000 4.188790],[260.000000 220.000000 2.094395],[180.000000 280.000000 5.497787]
[360.163707 179.464266 4.188790],[360.386060 160.110974 2.094395],[320.549988 140.304173 5.497787]
[240.388117 339.537691 4.188790],[260.219953 219.775271 2.094395],[180.080434 279.549422 5.497787]
[360.019011 179.980920 4.188790],[360.526559 159.908839 2.094395],[319.785633 140.170294 5.497787]
[239.596221 339.985403 4.188790],[260.048354 219.645731 2.094395],[179.813670 280.092533 5.497787]
[359.567225 180.235357 4.188790],[359.775714 160.431753 2.094395],[320.589120 140.453636 5.497787]
[239.911826 340.392679 4.188790],[260.213387 219.633082 2.094395],[179.528310 280.143397 5.497787]
[359.271843 180.603383 4.188790],[360.027735 160.109170 2.094395],[320.051901 140.325541 5.497787]
[240.001184 339.880019 4.188790],[260.156183 219.881728 2.094395],[179.907183 279.923914 5.497787]
[360.313176 179.537606 4.188790],[360.145260 160.150121 2.094395],[319.473422 140.291542 5.497787]
[239.950637 340.286430 4.188790],[260.207982 219.252655 2.094395],[180.427584 279.954144 5.497787]
[359.975197 179.915043 4.188790],[360.118367 159.684324 2.094395],[319.700299 140.174354 5.497787]
[239.700123 340.462162 4.188790],[259.998186 219.907949 2.094395],[180.009294 280.222569 5.497787]
[360.393743 179.779382 4.188790],[359.623080 160.152504 2.094395],[319.925566 139.807142 5.497787]
[240.333195 340.061104 4.188790],[259.463169 220.610406 2.094395],[180.122666 280.168624 5.497787]
[359.592372 180.409131 4.188790],[360.532215 159.837000 2.094395],[319.936155 139.679309 5.497787]
[239.838936 340.037123 4.188790],[260.002457 219.877956 2.094395],[179.972347 280.213298 5.497787]
[359.417995 179.664701 4.188790],[360.392309 159.361830 2.094395],[320.200540 139.984613 5.497787]
[240.367281 340.106927 4.188790],[260.239631 220.233831 2.094395],[180.195774 280.273663 5.497787]
[360.000000 180.000000 4.188790],[360.000000 160.000000 2.094395],[320.000000 140.000000 5.497787]
[340.000000 320.000000 0.000000],[360.000000 340.000000 4.712389]
[359.851869 180.223381 4.188790],[359.505272 159.929345 2.094395],[319.858768 139.853890 5.497787]
[340.015863 319.824351 0.000000],[360.177558 339.598631 4.712389]
[359.610477 180.085600 4.188790],[359.838352 160.435024 2.094395],[320.276976 139.721716 5.497787]
[339.628905 319.775688 0.000000],[360.008552 340.230452 4.712389]
[359.299090 179.920326 4.188790],[359.985330 159.608285 2.094395],[319.951219 139.686272 5.497787]
[339.479937 320.081812 0.000000],[360.131531 340.021373 4.712389]
[360.207177 180.027186 4.188790],[359.594389 159.704284 2.094395],[319.845352 139.799216 5.497787]
[339.644882 319.855979 0.000000],[359.977070 339.885353 4.712389]
[360.358756 180.098789 4.188790],[360.278059 159.459792 2.094395],[320.276613 139.579201 5.497787]
[339.771455 320.153191 0.000000],[359.627267 339.632155 4.712389]
[360.249730 180.130651 4.188790],[360.045262 160.091042 2.094395],[319.629420 140.273217 5.497787]
[339.706689 319.905679 0.000000],[359.842738 340.044432 4.712389]
[359.969630 179.492678 4.188790],[359.837931 159.968026 2.094395],[320.344785 139.814583 5.497787]
[339.784929 319.989191 0.000000],[360.144308 340.073922 4.712389]
[359.961185 180.042825 4.188790],[359.453079 160.015458 2.094395],[320.429016 139.713388 5.497787]
[340.163081 320.134183 0.000000],[360.559732 339.806202 4.712389]
[359.649593 179.935070 4.188790],[359.817965 161.001065 2.094395],[319.401511 139.717419 5.497787]
[339.961377 320.191645 0.000000],[360.286226 340.335242 4.712389]
[230.000000 380.000000 5.497787],[280.000000 380.000000 3.926991]
[120.000000 240.000000 0.000000],[160.000000 240.000000 3.141593]
[250.000000 160.000000 5.235988],[280.000000 40.000000 2.356194]
[420.000000 290.000000 3.926991],[320.000000 200.000000 0.785398]
[229.991728 379.962933 5.497787],[280.423126 380.191349 3.926991]
[120.326144 239.894441 0.000000],[159.868733 240.317264 3.141593]
[250.053725 159.752970 5.235988],[280.626854 39.913313 2.356194]
[420.312678 289.464745 3.926991],[319.741845 200.091993 0.785398]
[229.920514 380.303924 5.497787],[279.878481 380.496845 3.926991]
[120.167592 239.757748 0.000000],[159.968140 239.383764 3.141593]
[249.945377 159.726293 5.235988],[279.918182 40.279586 2.356194]
[420.143329 289.780393 3.926991],[320.168365 199.770051 0.785398]
[229.399514 379.943439 5.497787],[279.639615 379.970790 3.926991]
[119.300722 239.821229 0.000000],[159.978813 240.570726 3.141593]
[250.520794 159.861826 5.235988],[279.856168 40.052960 2.356194]
[419.754756 290.249236 3.926991],[320.076125 199.680657 0.785398]
[230.428348 379.876236 5.497787],[279.606952 380.054049 3.926991]
[120.394992 239.127975 0.000000],[160.193971 239.580480 3.141593]
[250.367672 159.874896 5.235988],[279.783987 39.976133 2.356194]
[419.828451 289.776402 3.926991],[319.666939 199.702813 0.785398]
[229.663255 380.077112 5.497787],[280.163118 379.799426 3.926991]
[120.314695 239.992044 0.000000],[160.216057 240.436100 3.141593]
[249.893418 160.195986 5.235988],[279.774902 40.011679 2.356194]
[419.499239 289.758634 3.926991],[320.129277 199.726165 0.785398]
[230.014111 379.926757 5.497787],[279.539187 379.908960 3.926991]
[119.683963 239.605702 0.000000],[159.519082 240.113788 3.141593]
[249.816511 160.112846 5.235988],[279.893125 40.497297 2.356194]
[420.315645 290.167681 3.926991],[319.429963 200.289866 0.785398]
[229.753132 379.952731 5.497787],[280.460720 379.704714 3.926991]
[119.891984 240.043092 0.000000],[159.666285 239.599898 3.141593]
[250.610474 159.860777 5.235988],[279.996871 40.612828 2.356194]
[420.055527 290.291917 3.926991],[319.529755 200.582468 0.785398]
[229.499325 379.902161 5.497787],[279.733172 380.441175 3.926991]
[120.193041 239.609661 0.000000],[159.765096 240.161521 3.141593]
[250.343528 160.304050 5.235988],[280.391665 40.728731 2.356194]
[419.940727 289.924400 3.926991],[319.880577 200.161183 0.785398]
[229.758365 380.329043 5.497787],[280.439532 380.453590 3.926991]
[119.950658 239.574344 0.000000],[160.093865 239.537724 3.141593]
[249.547712 159.881646 5.235988],[279.788873 39.776209 2.356194]
[419.904037 290.226069 3.926991],[319.445642 200.182485 0.785398]
[20.000000 180.000000 0.000000],[20.000000 140.000000 0.000000]
[400.000000 180.000000 3.141593],[380.000000 120.000000 2.356194]
[140.000000 80.000000 0.000000],[220.000000 120.000000 4.188790],[220.000000 20.000000 2.094395]
[20.250289 179.591517 0.000000],[19.899215 140.011907 0.000000]
[400.133423 180.179432 3.141593],[380.197031 119.813730 2.356194]
[139.465061 79.978650 0.000000],[220.049152 120.039928 4.188790],[219.742172 20.356457 2.094395]
[20.017346 179.511094 0.000000],[20.365368 139.438104 0.000000]
[400.126509 180.289328 3.141593],[380.288776 120.279686 2.356194]
[140.124260 79.994045 0.000000],[220.109481 120.271460 4.188790],[220.028110 20.335614 2.094395]
[19.864497 180.190046 0.000000],[20.535878 139.881528 0.000000]
[399.782078 180.290317 3.141593],[380.196992 119.920478 2.356194]
[139.307923 79.976437 0.000000],[219.714051 120.338114 4.188790],[219.674880 19.442357 2.094395]
[19.807241 179.015478 0.000000],[20.045930 139.869768 0.000000]
[400.576000 180.214733 3.141593],[379.755761 119.975043 2.356194]
[140.201011 79.608652 0.000000],[219.750590 120.053182 4.188790],[219.932750 19.527089 2.094395]
[19.933287 180.283874 0.000000],[20.301278 139.369207 0.000000]
[400.381262 180.167445 3.141593],[380.076435 120.103443 2.356194]
[139.800890 79.867371 0.000000],[220.182698 120.144741 4.188790],[220.034898 20.053682 2.094395]
[20.007058 180.324291 0.000000],[19.219796 140.534256 0.000000]
[400.185736 179.972987 3.141593],[379.857802 120.581749 2.356194]
[139.782260 80.220827 0.000000],[219.718613 120.214866 4.188790],[219.962162 19.942707 2.094395]
[20.209352 179.879247 0.000000],[20.136751 139.822075 0.000000]
[400.639477 180.207777 3.141593],[379.361808 120.102791 2.356194]
[139.992669 80.106427 0.000000],[220.270300 120.291161 4.188790],[219.810102 19.681443 2.094395]
[20.034781 179.484697 0.000000],[19.914967 139.947489 0.000000]
[399.701730 180.191968 3.141593],[379.884740 120.285469 2.356194]
[140.057024 80.090895 0.000000],[219.928551 119.986535 4.188790],[220.226310 19.942539 2.094395]
[20.209756 180.175054 0.000000],[19.865073 140.110950 0.000000]
[399.955155 179.993470 3.141593],[380.407347 119.921364 2.356194]
[140.551224 80.042236 0.000000],[220.043436 120.199790 4.188790],[219.563119 19.774823 2.094395]
[20.000000 160.000000 4.712389],[20.000000 40.000000 1.570796]
[60.000000 280.000000 0.523599],[120.000000 340.000000 4.188790]
[400.000000 100.000000 3.141593],[380.000000 40.000000 2.356194]
[19.887500 159.758014 4.712389],[19.958354 39.984672 1.570796]
[59.807587 280.049873 0.523599],[119.981079 340.041125 4.188790]
[399.697775 100.254818 3.141593],[379.959609 39.569047 2.356194]
[20.116934 160.165582 4.712389],[19.723643 40.240369 1.570796]
[59.910616 279.899773 0.523599],[119.777365 340.005772 4.188790]
[400.179123 100.120806 3.141593],[379.753130 40.523111 2.356194]
[20.101922 160.106568 4.712389],[19.772094 39.779793 1.570796]
[59.757946 280.182009 0.523599],[119.594054 340.077303 4.188790]
[400.355227 100.330491 3.141593],[380.151634 40.433442 2.356194]
[20.077589 159.832219 4.712389],[19.584454 38.951637 1.570796]
[59.748071 280.110412 0.523599],[119.760774 340.148238 4.188790]
[400.468715 100.379576 3.141593],[379.626816 39.790942 2.356194]
[19.765284 160.120391 4.712389],[19.757267 39.949357 1.570796]
[59.524146 280.340049 0.523599],[120.689836 340.104743 4.188790]
[399.933775 99.853641 3.141593],[379.685980 40.396665 2.356194]
[20.309070 160.381038 4.712389],[19.595493 39.932495 1.570796]
[60.474503 279.750830 0.523599],[120.031696 340.195770 4.188790]
[400.203299 100.232448 3.141593],[380.442538 39.564123 2.356194]
[20.010830 159.420710 4.712389],[20.079369 39.913404 1.570796]
[59.819153 279.874010 0.523599],[119.745502 339.912829 4.188790]
[399.935276 99.772162 3.141593],[380.018699 39.681644 2.356194]
[20.046635 160.285656 4.712389],[20.002428 39.897204 1.570796]
[60.107475 280.187532 0.523599],[120.046023 339.559465 4.188790]
[400.364007 100.325843 3.141593],[380.074350 39.981045 2.356194]
[19.981249 160.193626 4.712389],[20.049302 39.877778 1.570796]
[59.686542 280.033619 0.523599],[119.625768 339.906634 4.188790]
[400.177976 100.351836 3.141593],[379.607950 40.529146 2.356194]
[260.000000 300.000000 0.523599],[320.000000 340.000000 4.188790]
[380.000000 200.000000 4.188790],[420.000000 160.000000 2.617994]
[259.895611 299.810497 0.523599],[319.803194 339.485346 4.188790]
[380.210878 200.430855 4.188790],[420.188029 160.025316 2.617994]
[259.797215 300.113782 0.523599],[319.994394 340.058339 4.188790]
[380.419638 200.145617 4.188790],[420.139519 159.681126 2.617994]
[259.847130 300.149615 0.523599],[320.537397 340.229086 4.188790]
[380.304981 200.583985 4.188790],[420.018655 160.061803 2.617994]
[260.277966 300.026706 0.523599],[320.037477 339.544318 4.188790]
[379.690873 200.166392 4.188790],[420.237377 160.048693 2.617994]
[259.801689 299.811060 0.523599],[319.906079 339.675577 4.188790]
[379.816619 200.130917 4.188790],[420.058602 160.179472 2.617994]
[259.981109 300.190671 0.523599],[319.737896 339.902120 4.188790]
[380.646746 199.798131 4.188790],[420.009177 160.038230 2.617994]
[259.714888 299.874766 0.523599],[320.815113 340.671132 4.188790]
[379.875463 199.921340 4.188790],[419.589125 159.805185 2.617994]
[259.267671 299.872918 0.523599],[320.323653 339.987489 4.188790]
[380.227142 200.270737 4.188790],[419.756016 160.406657 2.617994]
[259.565373 299.995912 0.523599],[320.234473 340.088268 4.188790]
[379.840476 199.810646 4.188790],[419.781894 160.407719 2.617994]
[20.000000 180.000000 0.000000],[20.000000 140.000000 0.000000]
[360.000000 180.000000 4.188790],[360.000000 160.000000 2.094395],[320.000000 140.000000 5.497787]
[60.000000 280.000000 0.523599],[120.000000 340.000000 4.188790]
[20.152447 179.990196 0.000000],[19.915694 139.932432 0.000000]
[359.918159 179.876828 4.188790],[360.084329 159.657909 2.094395],[319.822526 139.997098 5.497787]
[60.664628 280.113894 0.523599],[119.819056 339.852359 4.188790]
[19.893749 179.899758 0.000000],[19.856770 139.984413 0.000000]
[359.904548 180.064182 4.188790],[360.341305 160.097094 2.094395],[320.390466 140.152017 5.497787]
[60.256283 279.746860 0.523599],[120.168668 340.264754 4.188790]
[19.593973 180.264720 0.000000],[19.982956 140.622943 0.000000]
[359.977868 180.391087 4.188790],[359.637280 160.355880 2.094395],[320.085485 139.937960 5.497787]
[60.281395 280.493143 0.523599],[119.467643 340.429391 4.188790]
[20.045095 180.322779 0.000000],[19.829049 140.134029 0.000000]
[360.373556 179.403663 4.188790],[359.347622 159.907463 2.094395],[319.934362 139.759130 5.497787]
[59.740686 280.136008 0.523599],[120.101310 339.795049 4.188790]
[19.702811 180.175678 0.000000],[19.911388 140.037164 0.000000]
[360.173988 180.072166 4.188790],[360.338843 160.109145 2.094395],[320.454034 139.687002 5.497787]
[60.308685 279.663613 0.523599],[120.045926 340.044029 4.188790]
[19.879534 180.035026 0.000000],[20.267299 139.439645 0.000000]
[359.878517 179.797626 4.188790],[359.709105 159.965545 2.094395],[319.959717 139.721473 5.497787]
[60.020562 280.136749 0.523599],[120.415565 340.249731 4.188790]
[20.286533 179.885155 0.000000],[20.363208 139.721257 0.000000]
[360.741482 180.155808 4.188790],[359.758689 160.288372 2.094395],[320.297302 139.648814 5.497787]
[59.786842 280.456808 0.523599],[120.450865 340.078973 4.188790]
[19.993597 180.290811 0.000000],[19.752639 140.105921 0.000000]
[359.674787 180.108172 4.188790],[360.036590 160.245131 2.094395],[319.781121 139.933511 5.497787]
[59.780590 280.106880 0.523599],[120.047457 340.024113 4.188790]
[20.129414 180.144758 0.000000],[20.120821 139.785724 0.000000]
[360.330917 180.039560 4.188790],[359.915564 160.059967 2.094395],[319.893607 140.002507 5.497787]
[59.408607 279.899980 0.523599],[120.489303 339.379718 4.188790]
[60.000000 60.000000 0.523599],[140.000000 120.000000 4.188790]
[400.000000 180.000000 3.141593],[380.000000 120.000000 2.356194]
[60.182406 59.462196 0.523599],[139.495059 119.723043 4.188790]
[400.315866 179.714310 3.141593],[379.835994 120.368780 2.356194]
[60.131177 59.981590 0.523599],[139.941262 119.531339 4.188790]
[399.690824 179.581793 3.141593],[379.631509 119.903523 2.356194]
[59.796787 59.817417 0.523599],[139.856744 119.954371 4.188790]
[400.386488 180.480210 3.141593],[380.073203 119.952783 2.356194]
[59.849449 60.131769 0.523599],[140.153093 119.991541 4.188790]
[399.806436 180.448472 3.141593],[379.900171 119.871529 2.356194]
[60.435621 59.659653 0.523599],[139.736435 119.872640 4.188790]
[399.919290 179.441264 3.141593],[380.087473 120.230997 2.356194]
[59.997321 60.296541 0.523599],[139.952680 120.159529 4.188790]
[399.441256 180.640255 3.141593],[379.660422 119.858018 2.356194]
[60.206372 60.793981 0.523599],[140.115032 119.794333 4.188790]
[399.977064 180.461035 3.141593],[380.081763 119.849932 2.356194]
[60.172578 60.181010 0.523599],[140.029874 120.133288 4.188790]
[399.740673 180.058636 3.141593],[380.420873 119.403865 2.356194]
[59.780548 60.068720 0.523599],[139.452746 119.600836 4.188790]
[400.125490 179.810203 3.141593],[380.168444 120.074953 2.356194]
