camA_part1_002 00005280.jpg [-189.8 97.5 0.05307457732548016], [-114.4 105.3 2.2853518751351523], [-104.0 178.1 -1.8996404731570153]
camA_part1_002 00006890.jpg [-170.3 188.5 -0.5011904253120306], [-97.5 184.6 -3.0086646208410865]
camA_part1_003 00000399.jpg [308.1 105.3 -3.055785990179259], [266.5 22.1 2.116722100821422], [162.5 165.1 -0.6435085187657125]
camA_part1_003 00000529.jpg [68.9 237.9 -1.725492847677449], [48.1 163.8 1.5286684948184481]
camA_part1_003 00002189.jpg [140.4 29.900000000000002 -0.6060105143104838], [161.20000000000002 -33.800000000000004 1.3225224214338973]
camA_part1_003 00005629.jpg [-23.400000000000002 182.0 1.7181878430770656], [-44.2 222.3 0.748896576234792]
camA_part1_004 00000050.jpg [7.800000000000001 249.60000000000002 -0.5791388285933119], [42.9 193.70000000000002 1.8210108481648097], [83.2 257.40000000000003 -2.4915255708926125]
camA_part1_004 00000400.jpg [-323.7 63.7 -2.51015125210399], [-375.7 10.4 0.8809536620220891]
camA_part1_004 00002140.jpg [2.6 127.4 2.4941682992770464], [-74.10000000000001 131.3 0.5109153525457952]
camA_part1_004 00002800.jpg [10.4 44.2 -2.4097808326457013], [-65.0 76.7 -0.8469613699182199], [-53.300000000000004 -6.5 1.242874586590065]
camA_part1_004 00003601.jpg [-286.0 -93.60000000000001 -0.18603354009759976], [-345.8 -126.10000000000001 -0.8251260055036305], [-270.40000000000003 -184.6 0.5021577921842575], [-169.0 -102.7 -2.7131917807153876]
camA_part1_004 00004790.jpg [-256.1 -117.0 0.5473354067556521], [-183.3 -153.4 2.3917508083241854], [-211.9 -68.9 -2.2032038332456247]
camA_part1_004 00005910.jpg [221.0 -169.0 -3.0974994858829894], [152.1 -152.1 -0.4880983378177061]
camA_part1_004 00006575.jpg [27.3 209.3 1.9334476819055704], [-29.900000000000002 228.8 0.5690998501217053]
camA_part1_004 00006680.jpg [-208.0 66.3 0.6890073133878196], [-219.70000000000002 133.9 -0.8319996187712382], [-123.5 124.80000000000001 -3.092058578286502]
camA_part1_004 00006890.jpg [-85.8 70.2 -0.9222476461581233], [3.9000000000000004 39.0 -2.6207307719957598], [-65.0 -67.60000000000001 2.9753854032344074], [-143.0 -48.1 -0.03462327634340487]
camA_part1_005 00000320.jpg [158.6 -158.6 -0.08538329476186865], [235.3 -139.1 -2.9453095059941723], [179.4 -205.4 1.0614311648959802]
camA_part1_005 00004190.jpg [-435.5 50.7 0.8266021268896019], [-364.0 36.4 2.7298303355781264]
camA_part1_006 00000200.jpg [171.6 184.6 1.4769761885972044], [211.9 188.5 2.1226174815204004]
camA_part1_006 00002310.jpg [170.3 176.8 1.3777798955808709], [217.1 184.6 1.7506320145211174], [248.3 256.1 -2.71064053786097]
camA_part1_006 00004070.jpg [228.8 -36.4 2.7284919750529575], [150.8 -26.0 0.16838995931976858]
camA_part1_006 00004400.jpg [-143.0 -169.0 -0.8905179211917097], [-70.2 -192.4 -3.063547939944979]
camA_part1_006 00004490.jpg [178.1 -19.5 0.9949036310280615], [224.9 -18.2 2.5171685168426516], [176.8 70.2 -1.3830885217324087]
camA_part1_006 00004500.jpg [451.1 80.60000000000001 -1.9438969832399726], [399.1 87.10000000000001 -0.7314951200609903]
camA_part1_006 00005680.jpg [236.6 -24.7 2.6766941544277465], [162.5 -28.6 1.5049458967359908], [139.1 66.3 -0.36043149527351154], [197.6 92.3 -1.973741484563148]
camA_part1_006 00005800.jpg [234.0 -20.8 2.671306031369051], [158.6 -26.0 0.5722506722348896], [146.9 53.300000000000004 -0.058057923351936984], [192.4 115.7 -1.3841163734807993], [262.6 41.6 -2.7165333918178427]
camA_part1_006 00006800.jpg [228.8 -18.2 3.0301713620831], [166.4 -23.400000000000002 0.9512909599104198], [135.20000000000002 55.9 -0.7393882947643438], [198.9 94.9 -1.7484671483299776], [124.80000000000001 11.700000000000001 -0.147447691607846]
camA_part1_006 00007000.jpg [234.0 -2.6 3.0493753244924546], [176.8 -42.9 1.4279513239181534], [135.20000000000002 6.5 -0.37530794901034903], [135.20000000000002 70.2 -0.9926601914570036], [196.3 97.5 -1.8374261516765533], [252.20000000000002 54.6 -2.718517947317457]
camA_part1_007 00000960.jpg [231.4 214.5 -1.9609847939087133], [189.8 145.6 1.591514154042316]
camA_part1_007 00001130.jpg [227.5 54.6 -2.44675267880386], [236.6 -9.1 2.775543258103163], [192.4 -40.300000000000004 1.4152658692777433], [141.70000000000002 -6.5 0.6957556545783076], [150.8 91.0 -1.1659652790991188]
camA_part1_007 00001250.jpg [226.20000000000002 54.6 -2.4690508324166696], [237.9 -3.9000000000000004 2.6930910155986125], [200.20000000000002 -28.6 1.6928113606375141], [139.1 0.0 0.4755348632332815], [139.1 78.0 -1.0271024648642921], [184.6 111.8 -1.5661832342214863]
camA_part1_007 00004030.jpg [-426.40000000000003 62.400000000000006 -0.6707394028054539], [-374.40000000000003 18.2 2.8664052272528853]
camA_part1_007 00004200.jpg [106.60000000000001 -191.1 -1.288178416976795], [171.6 -179.4 -1.975253764951864]
camA_part1_007 00004710.jpg [210.6 61.1 2.911089472989944], [241.8 -19.5 2.2352116601027463], [146.9 -22.1 0.372736037471413], [109.2 53.300000000000004 -0.3504177875479128], [158.6 114.4 -1.4948489678873194]
camA_part1_007 00006810.jpg [213.20000000000002 65.0 -2.8236827833281333], [236.6 -19.5 2.398306152696932], [179.4 -46.800000000000004 1.3661369024623953], [107.9 9.1 -0.0530336658617676], [143.0 80.60000000000001 -1.2341012517463859]
camA_part1_008 00000600.jpg [397.8 223.6 -1.7637915523573564], [369.2 130.0 1.3597099811382976]
camA_part1_008 00000830.jpg [-107.9 41.6 -1.4229387757160983], [-167.70000000000002 -26.0 0.020331774565350652], [-119.60000000000001 -91.0 1.09998508790084], [-45.5 -16.900000000000002 -2.353167257700191]
camA_part1_008 00000940.jpg [-74.10000000000001 -206.70000000000002 -1.6365623051759894], [-24.7 -232.70000000000002 -2.6912079117422776]
camA_part1_008 00001260.jpg [153.4 100.10000000000001 -1.5406712911420277], [208.0 53.300000000000004 -1.9431597640314915], [237.9 -15.600000000000001 2.5235875902006764], [172.9 -37.7 1.388044089368136], [85.8 -35.1 0.44898912630904436], [111.8 29.900000000000002 -0.3591215551595422], [88.4 94.9 -0.6899230575006622]
camA_part1_008 00002565.jpg [130.0 81.9 -1.2372061724246182], [222.3 62.400000000000006 -1.9992477334321843], [104.0 32.5 -0.12893604581346935], [85.8 -18.2 0.30769566055915165], [167.70000000000002 -33.800000000000004 1.0738357694586258], [219.70000000000002 -67.60000000000001 2.1566890679453192], [241.8 -16.900000000000002 -2.682490752239525]
camA_part1_008 00003280.jpg [-300.3 33.800000000000004 -0.42325913982648694], [-237.9 81.9 -1.591089409117834]
camA_part1_008 00003620.jpg [198.9 46.800000000000004 -2.068757827385299], [253.5 -15.600000000000001 2.870832828727325], [187.20000000000002 -87.10000000000001 1.6877228148686503], [130.0 -23.400000000000002 1.3022886645080276], [50.7 11.700000000000001 0.05158935841201327], [71.5 68.9 -0.5139530865532314], [163.8 137.8 -1.8658097361548418]
camA_part1_008 00003640.jpg [74.10000000000001 65.0 -0.4604140337568968], [59.800000000000004 15.600000000000001 0.1652279404819534], [148.20000000000002 -23.400000000000002 1.4742123517088108], [191.1 -83.2 1.6845315958405769], [252.20000000000002 -11.700000000000001 2.8297134838807154], [205.4 46.800000000000004 -2.2734584984094726], [136.5 101.4 -1.518116321603271]
camA_part1_008 00004140.jpg [143.0 80.60000000000001 0.7751584430309449], [198.9 133.9 -2.368492267412858]
camA_part1_008 00004880.jpg [83.2 174.20000000000002 -0.7315607423129091], [184.6 135.20000000000002 3.054730748149365], [135.20000000000002 58.5 1.6593542110284736]
camA_part1_008 00005870.jpg [-191.1 158.6 3.052524854947798], [-262.6 153.4 0.19993861045639155]
camA_part1_008 00006550.jpg [109.2 201.5 1.8128633982225977], [91.0 274.3 -1.441185175055599]
camA_part1_009 00001100.jpg [-146.9 52.0 -1.4737801362166476], [-218.4 6.5 -0.2511726988661654], [-85.8 -26.0 2.826149573837373]
camA_part1_009 00002680.jpg [128.70000000000002 39.0 1.3762860469241391], [128.70000000000002 101.4 -1.3813066737200266]
camA_part1_009 00003530.jpg [-148.20000000000002 32.5 -1.3997357615698351], [-230.1 9.1 -0.13608735088081467], [-148.20000000000002 -75.4 1.2893215082495184], [-97.5 -32.5 2.566782670772754]
camA_part1_009 00006960.jpg [197.6 42.9 -1.5671205549819234], [110.5 10.4 -0.0907619875770411], [211.9 -39.0 1.7419939384319376], [237.9 19.5 -2.671807762692605]
camA_part1_010 00000540.jpg [245.70000000000002 6.5 -1.58545226902125], [270.40000000000003 -75.4 2.11097673752303]
camA_part1_010 00001730.jpg [-162.5 178.1 0.2625550793867577], [-94.9 189.8 2.8019108997197044]
camA_part1_010 00001820.jpg [189.8 54.6 -2.07991077645031], [221.0 14.3 -2.851528310492315], [182.0 -46.800000000000004 1.5702296450721343], [84.5 -20.8 0.4880969470655614], [84.5 58.5 -0.5632870379156749], [124.80000000000001 -46.800000000000004 0.976345873215862]
camA_part1_010 00002830.jpg [-206.70000000000002 -140.4 2.2339375603143905], [-249.60000000000002 -59.800000000000004 -2.9070867319827816]
camA_part1_010 00002980.jpg [-292.5 24.7 -2.3498548804154185], [-371.8 -5.2 -0.0812226683945591]
camA_part1_010 00003210.jpg [-349.7 48.1 -0.8599905371030029], [-283.40000000000003 -20.8 -2.973930798699472], [-357.5 -98.8 1.0362851922911491]
camA_part1_010 00003360.jpg [191.1 52.0 -2.663902094777195], [231.4 10.4 3.139420753833526], [206.70000000000002 -36.4 2.3650821302255167], [132.6 -49.4 1.2079589331401293], [93.60000000000001 -16.900000000000002 0.31810619032754595], [113.10000000000001 62.400000000000006 -1.1747216713550253], [150.8 85.8 -1.5966911197199463]
camA_part1_010 00003680.jpg [-323.7 65.0 -1.2219711397223867], [-241.8 33.800000000000004 -2.9859239572562273], [-325.0 -37.7 1.163075237722704]
camA_part1_010 00004630.jpg [-198.9 192.4 2.342969952877715], [-252.20000000000002 250.9 -0.6705364361445401]
camA_part1_010 00005110.jpg [-341.90000000000003 -78.0 2.509789407260447], [-423.8 -28.6 -0.4737911648717609]
camA_part1_010 00005255.jpg [-328.90000000000003 -135.20000000000002 1.073455904355613], [-321.1 -74.10000000000001 -1.6162006245302736], [-227.5 -153.4 2.4381072988483976]
camA_part1_010 00006020.jpg [400.40000000000003 -144.3 -3.126452199633431], [295.1 -144.3 0.056780894149411065]
camA_part1_010 00006380.jpg [88.4 -196.3 -0.9587794729581678], [133.9 -159.9 -1.8076294154271648], [94.9 -130.0 -1.3293598142944918]
camA_part1_010 00006555.jpg [136.5 -23.400000000000002 0.10994770599897291], [196.3 49.4 -1.4945250112137187], [231.4 -20.8 2.9072307090167437]
camA_part1_010 00006790.jpg [361.40000000000003 235.3 -1.2203031503068855], [426.40000000000003 223.6 -2.9284452922428827], [397.8 110.5 1.75250719157373]
camA_part1_011 00000340.jpg [358.8 240.5 -1.243879054584634], [419.90000000000003 221.0 -2.5429396239835698], [399.1 122.2 1.704239649163141]
camA_part1_011 00000570.jpg [-68.9 162.5 -0.3162875397521486], [7.800000000000001 119.60000000000001 2.583289611278821]
camA_part1_011 00000820.jpg [252.20000000000002 44.2 -2.122664864352208], [179.4 53.300000000000004 -2.1927145702497937], [124.80000000000001 46.800000000000004 -0.3233330939657818], [120.9 -22.1 0.9339986687492877], [223.6 -20.8 2.4509817741021958], [283.40000000000003 1.3 3.0788426492241983]
camA_part1_011 00002770.jpg [-266.5 -135.20000000000002 -2.967059728], [-364.0 -105.3 -1.0719573484879419]
camA_part1_011 00002850.jpg [158.6 101.4 1.6361874476498552], [128.70000000000002 179.4 -1.2421991542779347]
camA_part1_011 00003250.jpg [57.2 260.0 -1.8576942843499635], [7.800000000000001 213.20000000000002 0.20774161758372162], [70.2 153.4 2.213963680045013]
camA_part1_011 00004400.jpg [323.7 131.3 1.0049664848257747], [408.2 114.4 1.7591569048423745], [344.5 241.8 -1.2938662900005191], [357.5 70.2 1.4409320249971573]
camA_part1_011 00004630.jpg [-308.1 139.1 1.4596723843989272], [-262.6 215.8 -2.2694072630393123]
camA_part1_011 00005350.jpg [-237.9 141.70000000000002 1.662043563968278], [-295.1 215.8 -0.533836653864778], [-222.3 224.9 -2.4656613429194096]
camA_part1_011 00006840.jpg [-40.300000000000004 -20.8 -0.9835741216560185], [27.3 -33.800000000000004 3.0461530523417806]
camA_part1_012 00001550.jpg [-274.3 -119.60000000000001 -0.5635690623298772], [-169.0 -136.5 -2.7268135013315935]
camA_part1_012 00003235.jpg [170.3 228.8 -1.5431711813227966], [224.9 172.9 -2.8399748688289788], [165.1 109.2 1.3364009879424696]
camA_part1_012 00003420.jpg [-153.4 201.5 2.1427698342284525], [-223.6 228.8 0.2776693306641924]
camA_part1_012 00004540.jpg [166.4 226.20000000000002 -1.230060676870996], [118.3 158.6 -0.16287706186672948], [219.70000000000002 133.9 2.6810471206856743]
camA_part1_012 00004700.jpg [-338.0 167.70000000000002 -1.0782459023642916], [-312.0 122.2 2.3304192278186227]
camA_part1_012 00005640.jpg [161.20000000000002 226.20000000000002 -1.5867450014694966], [180.70000000000002 150.8 1.2646461927177606], [240.5 174.20000000000002 3.132058906025403]
camA_part1_012 00006280.jpg [-143.0 100.10000000000001 1.1428786064318894], [-93.60000000000001 162.5 -2.5173997662010623]
camA_part1_012 00006430.jpg [-217.1 -161.20000000000002 -2.2198476696474936], [-302.90000000000003 -197.6 -0.020607330007328218]
camA_part1_013 00000080.jpg [-35.1 -18.2 -1.1376528225375333], [-44.2 -89.7 0.7205460563688373], [49.4 -85.8 2.7989910240581755]
camA_part1_013 00000620.jpg [-16.900000000000002 171.6 -0.1041001602965651], [23.400000000000002 141.70000000000002 2.34799041356415]
camA_part1_013 00000850.jpg [-383.5 -93.60000000000001 -0.42374887926458715], [-286.0 -106.60000000000001 -2.6820697844493573]
camA_part1_013 00002470.jpg [-141.70000000000002 -67.60000000000001 2.4019146395310114], [-219.70000000000002 3.9000000000000004 -0.786457847794765]
camA_part1_013 00006170.jpg [-269.1 -3.9000000000000004 2.325863704912924], [-301.6 -32.5 1.4346422691906198]
camA_part2_001 00000240.jpg [-85.8 -184.6 0.09270176348026457], [-16.900000000000002 -172.9 -2.9200911543986003]
camA_part2_001 00000400.jpg [-349.7 -102.7 -0.9253202271920671], [-287.3 -133.9 -2.827794443402913]
camA_part2_001 00001110.jpg [50.7 230.1 3.1308653509414404], [-10.4 184.6 1.3453943239329837]
camA_part2_001 00005800.jpg [-227.5 -205.4 0.7413529780715292], [-176.8 -117.0 -1.8478001548401746]
camA_part2_002 00002270.jpg [369.2 218.4 -0.4677542289558773], [409.5 154.70000000000002 1.809129263604761]
camA_part2_002 00002380.jpg [391.3 200.20000000000002 -0.27782420940343255], [393.90000000000003 152.1 1.3708835151389092], [451.1 180.70000000000002 2.946349168074829]
camA_part2_002 00002390.jpg [-218.4 -180.70000000000002 1.8089773131204596], [-222.3 -81.9 -1.651608718423204]
camA_part2_002 00003930.jpg [-235.3 -72.8 -1.774728427889778], [-195.0 -150.8 3.018299008729534], [-286.0 -139.1 0.17974559094015038]
camA_part2_002 00004600.jpg [-319.8 -172.9 -0.0931423411089569], [-218.4 -205.4 1.5556834641095085], [-243.1 -107.9 -2.0618227947804026], [-326.3 -96.2 -0.4587671956839851], [-163.8 -119.60000000000001 -2.0171573641078617]
camA_part2_002 00005230.jpg [171.6 231.4 -0.7691574872741349], [253.5 231.4 -2.986946697726603], [215.8 158.6 1.6800049582413776]
camA_part2_002 00006190.jpg [42.9 211.9 -2.19034589684567], [27.3 169.0 1.8254661027890908]
camA_part2_003 00001220.jpg [46.800000000000004 231.4 2.870334805992568], [-33.800000000000004 213.20000000000002 0.4144768804523969]
camA_part2_003 00001980.jpg [66.3 107.9 2.5593128917024113], [-7.800000000000001 110.5 0.41044840431154583]
camA_part2_003 00002910.jpg [-22.1 -166.4 -2.9960142894548056], [-113.10000000000001 -135.20000000000002 -0.637178423811742]
camA_part2_003 00004560.jpg [-35.1 37.7 0.6056077583047444], [71.5 41.6 1.9366488835184168], [49.4 130.0 -1.5223300669186655]
camA_part2_003 00004570.jpg [-29.900000000000002 41.6 0.9277341638530195], [79.3 36.4 2.2112359760858142], [55.9 124.80000000000001 -1.649256165411725], [-33.800000000000004 131.3 -0.8355827056536922]
camA_part2_003 00004960.jpg [-282.1 -2.6 2.687909543072365], [-369.2 1.3 0.7967451096059306]
camA_part2_003 00006120.jpg [171.6 236.6 -0.6371935933653475], [252.20000000000002 204.1 2.7826870502273047]
camA_part2_003 00007000.jpg [-175.5 -35.1 2.1842459842543573], [-153.4 14.3 -2.852606268461288], [-236.6 6.5 -0.25888246130903664]
camA_part2_004 00001340.jpg [-110.5 66.3 -0.8772829184322876], [-92.3 -20.8 1.3449515381694042], [-49.4 -2.6 2.2810857905628277]
camA_part2_004 00001460.jpg [208.0 165.1 -2.7952353254383704], [146.9 117.0 1.3096032723762325]
camA_part2_004 00001470.jpg [-205.4 -9.1 -0.46771166683940374], [-180.70000000000002 27.3 -1.4984918371484692]
camA_part2_004 00002560.jpg [-176.8 139.1 2.2144826049091337], [-253.5 192.4 0.5865125249098705]
camA_part2_004 00002650.jpg [-278.2 176.8 -0.3710390038615452], [-210.6 141.70000000000002 2.6930730077015834], [-165.1 210.6 -2.7469766753528924]
camA_part2_004 00003180.jpg [115.7 135.20000000000002 2.489804606976952], [66.3 85.8 1.569690419265955]
camA_part2_004 00003980.jpg [325.0 178.1 0.696951142574853], [330.2 127.4 1.2613259938706989], [404.3 131.3 2.0175515427605104]
camA_part2_004 00004270.jpg [341.90000000000003 115.7 1.3469799242809184], [397.8 136.5 2.085545585115142], [325.0 170.3 0.7566359515831358], [322.40000000000003 250.9 -0.856610047124525]
camA_part2_004 00004680.jpg [2.6 218.4 2.98141246034235], [-55.9 206.70000000000002 0.7119553992432209], [-100.10000000000001 204.1 0.41715525249803675]
camA_part2_004 00006400.jpg [345.8 231.4 -0.79739450297024], [347.1 148.20000000000002 1.1845392300216013], [408.2 143.0 1.8180300936419678], [293.8 139.1 0.6574668450780737]
camA_part2_005 00001550.jpg [-373.1 -120.9 0.2855005901408186], [-235.3 -93.60000000000001 3.053089789461874], [-323.7 -44.2 -1.5385664690423724]
camA_part2_005 00004170.jpg [93.60000000000001 -170.3 -2.1542780645707356], [41.6 -211.9 0.20077083196936507]
camA_part2_005 00005000.jpg [135.20000000000002 222.3 -0.08847650882260413], [228.8 189.8 2.460361225278917], [193.70000000000002 174.20000000000002 1.7277907717579184]
camA_part2_005 00005930.jpg [197.6 -111.8 -1.0501656301500815], [250.9 -172.9 2.440879341674563]
camA_part2_006 00000050.jpg [250.9 14.3 2.0191648424986477], [213.20000000000002 85.8 -1.1408926708459275]
camA_part2_006 00000500.jpg [-279.5 226.20000000000002 -1.7573149132213102], [-219.70000000000002 158.6 -3.123844459455659], [-261.3 110.5 3.0208159915330173], [-367.90000000000003 117.0 0.5617061993076752]
camA_part2_006 00001400.jpg [132.6 228.8 -1.2105449922712976], [167.70000000000002 174.20000000000002 3.07628222074577], [219.70000000000002 214.5 -2.9449351102321284], [109.2 167.70000000000002 0.4450311872896675]
camA_part2_006 00001700.jpg [-117.0 -204.1 -0.3551566218242958], [-58.5 -214.5 -2.7726821102902113]
camA_part2_006 00005880.jpg [-239.20000000000002 -65.0 -0.3397605900946281], [-184.6 -78.0 3.0993939721219204]
camA_part2_006 00006790.jpg [126.10000000000001 176.8 0.1742954044997769], [172.9 165.1 2.6804145746121746], [248.3 153.4 2.4857704104253866], [279.5 201.5 -2.8677617750265654], [217.1 228.8 -1.6694952000810674]
camA_part2_007 00000770.jpg [345.8 176.8 2.2156376473242316], [295.1 253.5 -1.1819102053660957]
camA_part2_007 00000900.jpg [301.6 128.70000000000002 -2.2026122710990377], [321.1 79.3 3.0488055320896206], [230.1 83.2 0.09850955297222377]
camA_part2_007 00001400.jpg [262.6 89.7 -2.3370585790794354], [276.90000000000003 20.8 2.268626219065532], [196.3 72.8 -0.2690989730692829], [226.20000000000002 -16.900000000000002 1.6392695390165886]
camA_part2_007 00001420.jpg [202.8 75.4 -0.5931994820309262], [258.7 101.4 -2.156906043953074], [273.0 28.6 2.784654326002904], [222.3 -26.0 1.7388158346834417], [119.60000000000001 13.0 0.028092810868008525]
camA_part2_007 00001800.jpg [-132.6 -166.4 -0.4427910101457502], [-61.1 -237.9 2.2082694980842503], [-46.800000000000004 -141.70000000000002 -2.62303724303151]
camA_part2_007 00002500.jpg [27.3 162.5 0.39486825496509204], [76.7 185.9 -3.0633610576762]
camA_part2_007 00005720.jpg [62.400000000000006 195.0 -1.743787079052443], [52.0 115.7 1.4235318608104763]
camA_part2_008 00001200.jpg [193.70000000000002 -53.300000000000004 1.614781410169802], [244.4 1.3 -2.854085889288701]
camA_part2_008 00003260.jpg [165.1 223.6 1.2527109354612687], [227.5 197.6 1.9843927658042446], [266.5 244.4 -2.88622750304255]
camA_part2_008 00003820.jpg [156.0 206.70000000000002 -0.8692583186514513], [245.70000000000002 215.8 -2.640348650404661], [235.3 150.8 2.2592583797802526], [130.0 171.6 0.3027032446751818]
camA_part2_008 00005440.jpg [48.1 105.3 -2.17981196498386], [15.600000000000001 52.0 1.1765706566374297]
camA_part2_008 00006730.jpg [339.3 -16.900000000000002 3.0688855618513213], [185.9 29.900000000000002 -0.2709118243917998]
camA_part2_008 00006770.jpg [260.0 -2.6 2.8671043327240366], [144.3 19.5 1.2106879323638027], [137.8 85.8 -0.9787825551445416]
camA_part2_008 00006900.jpg [74.10000000000001 243.1 -2.5552803800951036], [48.1 178.1 1.9616592009019242], [-6.5 141.70000000000002 1.2570322386987403], [-80.60000000000001 141.70000000000002 0.7557284222867942]
camA_part2_009 00002870.jpg [-146.9 -170.3 -0.8517342016581805], [-92.3 -222.3 2.7045184889683753], [-75.4 -146.9 -2.418484869323114]
camA_part2_010 00001500.jpg [-49.4 -126.10000000000001 -2.2470693587007737], [-114.4 -54.6 -1.6412946080435717], [-184.6 -159.9 -0.1559799513633601], [-78.0 -214.5 1.8067809679296023], [27.3 -200.20000000000002 2.9361084213448323]
camA_part2_010 00002020.jpg [-178.1 -165.1 0.02429206232947844], [-58.5 -222.3 2.0827942979073106], [32.5 -176.8 2.9422516871638527], [-92.3 -96.2 -1.6807559698163028]
camA_part2_010 00005320.jpg [180.70000000000002 185.9 -1.1463446233036905], [236.6 189.8 -1.330009748507643], [228.8 114.4 2.0103740125898124], [304.2 136.5 3.032468771285955]
camA_part2_011 00000820.jpg [-218.4 -133.9 1.9127864201084157], [-236.6 -76.7 -1.493502332776197]
camA_part2_011 00001250.jpg [191.1 -61.1 0.06145335696893698], [234.0 -101.4 2.216984385576021]
camA_part2_011 00001780.jpg [304.2 -3.9000000000000004 1.759492114274727], [253.5 42.9 -0.2520268340561601]
camA_part2_011 00003720.jpg [-228.8 -120.9 0.6085073904265145], [-175.5 -61.1 -1.865405486657682], [-256.1 -61.1 -0.5580646089087389]
camA_part2_011 00004470.jpg [-137.8 -170.3 -0.01913069980680652], [-85.8 -87.10000000000001 -1.791501523262461], [-74.10000000000001 -223.6 2.1383508829148554]
camA_part2_011 00000820.jpg [-218.4 -133.9 1.9127864201084157], [-236.6 -76.7 -1.493502332776197]
camA_part2_011 00001250.jpg [191.1 -61.1 0.06145335696893698], [234.0 -101.4 2.216984385576021]
camA_part2_011 00001780.jpg [304.2 -3.9000000000000004 1.759492114274727], [253.5 42.9 -0.2520268340561601]
camA_part2_011 00003720.jpg [-228.8 -120.9 0.6085073904265145], [-175.5 -61.1 -1.865405486657682], [-256.1 -61.1 -0.5580646089087389]
camA_part2_011 00004470.jpg [-137.8 -170.3 -0.01913069980680652], [-85.8 -87.10000000000001 -1.791501523262461], [-74.10000000000001 -223.6 2.1383508829148554]
camA_part2_013 00000329.jpg [42.9 223.6 -1.5566427152813702], [120.9 206.70000000000002 -2.6646309793537553]
camA_part2_013 00000459.jpg [109.2 210.6 -3.0811284075684804], [42.9 237.9 -1.5944014841949412], [22.1 133.9 1.0614884346804327]
camA_part2_013 00002469.jpg [149.5 40.300000000000004 -0.093824737069692], [185.9 24.7 2.3444089486498294]
camA_part2_013 00002499.jpg [-98.8 -118.3 -1.5524300193419311], [-140.4 -174.20000000000002 -0.9050453074661398], [-54.6 -208.0 -2.254916365997209]
camA_part2_013 00002709.jpg [-206.70000000000002 240.5 -1.613146866721226], [-282.1 218.4 -0.6257137130318009], [-200.20000000000002 119.60000000000001 1.8210322350832584]
camA_part2_013 00003019.jpg [-143.0 -169.0 -0.9364515425713452], [-106.60000000000001 -130.0 -1.482626020942035], [-63.7 -217.1 -2.16742249841181], [-189.8 -182.0 -0.7682338359737304]
camA_part2_013 00005249.jpg [-263.90000000000003 -182.0 1.7567082674583911], [-336.7 -141.70000000000002 0.13589406402794674], [-263.90000000000003 -87.10000000000001 -2.157543002048014]
camA_part3_001 00001020.jpg [-348.40000000000003 -105.3 -1.2911639506943826], [-293.8 -153.4 -1.606240524207817], [-293.8 -236.6 1.669869498337503]
camA_part3_001 00002530.jpg [88.4 -163.8 -0.47860945520501386], [163.8 -162.5 -2.506939033645691], [128.70000000000002 -98.8 -1.563845795713985]
camA_part3_001 00002940.jpg [-384.8 -111.8 -0.012935167516067828], [-265.2 -39.0 -2.2836997333547906]
camA_part3_001 00005050.jpg [39.0 185.9 -1.6895003982085912], [32.5 114.4 1.378915413123393]
camA_part3_001 00006210.jpg [-187.20000000000002 -156.0 0.2542694322467617], [-132.6 -66.3 -1.8036939055626129]
camA_part3_002 00000290.jpg [332.8 144.3 -2.6451980027826316], [276.90000000000003 131.3 0.06545449475301013]
camA_part3_002 00001740.jpg [317.2 -98.8 1.6745074284850763], [318.5 -3.9000000000000004 -1.6384741780740744]
camA_part3_002 00002460.jpg [-430.3 -93.60000000000001 0.5553472776018802], [-417.3 -3.9000000000000004 -1.673947657279996]
camA_part3_003 00000770.jpg [-46.800000000000004 -222.3 1.6994896728814772], [-44.2 -120.9 -1.582839006321413]
camA_part3_003 00000810.jpg [-66.3 -200.20000000000002 2.3437901775279175], [-91.0 -94.9 -1.675561282154734], [-149.5 -115.7 -0.9285776440792034]
camA_part3_003 00001260.jpg [-40.300000000000004 -161.20000000000002 2.0599472977496394], [-83.2 -104.0 -0.3422127017210045], [-26.0 -72.8 -2.061782028495736]
camA_part3_003 00001390.jpg [-295.1 148.20000000000002 -0.20347026740231872], [-247.0 215.8 -1.1190757381166243], [-183.3 133.9 2.95215818268844]
camA_part3_003 00001600.jpg [-27.3 -149.5 2.2498532944564014], [-105.3 -92.3 0.08226420914466732], [-55.9 -46.800000000000004 -1.377886235143251], [-127.4 23.400000000000002 -1.3401712273644806]
camA_part3_003 00002100.jpg [-213.20000000000002 152.1 1.4140221889115403], [-153.4 217.1 -3.080037242924538], [-244.4 241.8 -0.7930598156359192]
camA_part3_003 00003020.jpg [-438.1 -83.2 0.7963699046489011], [-410.8 -6.5 -1.5652372737168392], [-325.0 -67.60000000000001 2.878876452120933]
camA_part3_003 00003420.jpg [-117.0 -54.6 -1.8156587031425602], [-139.1 -137.8 0.5236356161618029], [-196.3 -39.0 -0.7763892516268845]
camA_part3_003 00005220.jpg [282.1 40.300000000000004 -0.09804878577901845], [335.40000000000003 15.600000000000001 2.355100092466988]
camA_part3_004 00000720.jpg [386.1 -33.800000000000004 1.244164476486342], [386.1 20.8 -0.9582167908625954]
camA_part3_004 00001780.jpg [-273.0 -189.8 -0.8935360372790379], [-222.3 -204.1 -2.7788251691210237]
camA_part3_004 00002090.jpg [313.3 -122.2 -0.8340439655304948], [393.90000000000003 -150.8 3.0095353798075686]
camA_part3_004 00002840.jpg [148.20000000000002 -57.2 -2.4087127072561967], [119.60000000000001 -132.6 3.126375822560602], [74.10000000000001 -74.10000000000001 -1.6128752991180786], [71.5 -179.4 1.4615297685331052]
camA_part3_004 00003810.jpg [-137.8 -209.3 -1.6716696817591776], [-97.5 -249.60000000000002 -3.0784412446975336]
camA_part3_004 00005620.jpg [-149.5 -146.9 -0.9321556223411614], [-48.1 -135.20000000000002 -2.4035994741354894]
camA_part3_004 00006420.jpg [136.5 218.4 -0.39971943746644156], [231.4 148.20000000000002 2.3383250553065107]
camA_part3_004 00006800.jpg [427.7 32.5 -0.640239489448005], [438.1 -40.300000000000004 1.3245017860807662], [369.2 -31.200000000000003 0.30392533121527865]
camA_part3_005 00000800.jpg [262.6 49.4 1.7722353074447794], [304.2 98.8 3.1019431909563693], [252.20000000000002 153.4 -1.54762123366163]
camA_part3_005 00002900.jpg [195.0 202.8 -0.5891575602614558], [237.9 87.10000000000001 1.939722840743136]
camA_part3_005 00004090.jpg [422.5 -18.2 1.7150609413435443], [408.2 76.7 -1.2276019995978544]
camA_part3_005 00005400.jpg [336.7 52.0 -2.070478383161536], [300.3 -15.600000000000001 1.258063342937018]
camA_part3_005 00006730.jpg [228.8 80.60000000000001 -2.5641519496026577], [154.70000000000002 -16.900000000000002 1.2108740006980971]
camA_part3_006 00000440.jpg [327.6 -63.7 -0.8188684336396131], [399.1 -102.7 2.947907484547712]
camA_part3_006 00004350.jpg [132.6 166.4 -1.6948453849942233], [106.60000000000001 41.6 1.4384470828007512]
camB_part1_001 00003340.jpg [-145.6 29.900000000000002 -1.9851548399892784], [-178.1 -33.800000000000004 1.562182443560082]
camB_part1_001 00004320.jpg [-150.8 10.4 -2.6797856992147056], [-170.3 -32.5 1.8357257441978185], [-214.5 53.300000000000004 -1.1295556471182793]
camB_part1_001 00006950.jpg [104.0 40.300000000000004 -2.843857086570533], [41.6 48.1 -1.0195971735059945]
camB_part1_002 00004800.jpg [-213.20000000000002 -170.3 -1.378704759411274], [-161.20000000000002 -174.20000000000002 -2.53314597666367]
camB_part1_002 00005070.jpg [-214.5 -183.3 -1.0894890086005755], [-152.1 -193.70000000000002 -1.97018698176306], [-96.2 -175.5 -2.548587093592947]
camB_part1_003 00000890.jpg [-206.70000000000002 -102.7 -0.5740343525730137], [-153.4 -67.60000000000001 -1.9447921652810267], [-150.8 -163.8 2.0954325542615333]
camB_part1_003 00000940.jpg [-166.4 -50.7 -1.6537236216966817], [-224.9 -104.0 -0.0802170463742224], [-143.0 -165.1 2.31486936295754], [-92.3 -111.8 3.0884995206892536]
camB_part1_003 00001300.jpg [92.3 19.5 -2.566969697697698], [96.2 -31.200000000000003 2.4184769208858836]
camB_part1_003 00002820.jpg [-171.6 -140.4 -3.0915457215914897], [-299.0 -163.8 0.09739121660105231]
camB_part1_003 00006310.jpg [-218.4 -152.1 2.3465583598938826], [-314.6 -161.20000000000002 0.4889032537820251]
camB_part1_003 00006460.jpg [-13.0 0.0 -2.2825320539542324], [-32.5 -63.7 1.5331971815034275]
camB_part1_004 00000480.jpg [28.6 55.9 -1.318784779540659], [71.5 -20.8 2.171621840759751], [19.5 1.3 0.1912861366129198]
camB_part1_004 00002950.jpg [65.0 63.7 -1.6820228292046382], [68.9 -24.7 1.9305789164677178], [10.4 6.5 0.0259140341655221]
camB_part1_004 00003100.jpg [223.6 -118.3 -1.0907930929131064], [214.5 -209.3 0.7631530296011309]
camB_part1_004 00003320.jpg [-67.60000000000001 162.5 1.7627596895368902], [-124.80000000000001 159.9 0.8972401291349481]
camB_part1_004 00005560.jpg [61.1 70.2 -1.7016714739834546], [13.0 18.2 -0.1648002954348314], [66.3 -31.200000000000003 1.8506968546651075], [165.1 49.4 -2.799139828931434], [171.6 -36.4 2.7316910643746284]
camB_part1_004 00006000.jpg [293.8 -223.6 3.090871632780894], [231.4 -153.4 -1.6594584190659258], [148.20000000000002 -156.0 -0.9196114747349621], [195.0 -89.7 -1.6056319001331576]
camB_part1_004 00005600.jpg [40.300000000000004 -149.5 -1.4627465167596099], [2.6 -178.1 -0.12821060442043317]
camB_part1_005 00000660.jpg [170.3 -7.800000000000001 -2.370398221582888], [114.4 -76.7 0.8733980547601957]
camB_part1_005 00000740.jpg [185.9 66.3 -2.684235000184143], [132.6 -9.1 1.6226475968402176], [127.4 113.10000000000001 -1.6026211460907396]
camB_part1_005 00005250.jpg [-150.8 1.3 3.043631049533596], [-232.70000000000002 -31.200000000000003 0.5863065453441098]
camB_part1_006 00000050.jpg [265.2 -227.5 -3.126248015785847], [185.9 -211.9 -0.4842665884925543], [230.1 -179.4 -1.6538013072361721], [283.40000000000003 -131.3 -1.8521926951385548]
camB_part1_006 00001000.jpg [-215.8 -39.0 0.26876245168541774], [-131.3 -23.400000000000002 -1.7785837671404965], [-152.1 -66.3 1.5366825871130523]
camB_part1_006 00002020.jpg [-222.3 -26.0 0.25748946944100254], [-163.8 -37.7 2.2073351681230045], [-162.5 23.400000000000002 -2.6257345681479043], [-236.6 37.7 -0.4464024307743885]
camB_part1_006 00005870.jpg [32.5 20.8 -0.4572265105179274], [68.9 -35.1 1.6736063708848734], [126.10000000000001 -2.6 3.052560732866033]
camB_part1_006 00006450.jpg [135.20000000000002 19.5 2.570274329704594], [39.0 75.4 -0.6682835739888705], [70.2 -37.7 1.3942271810888875], [96.2 71.5 -1.4645087676743178]
camB_part1_006 00006780.jpg [-269.1 209.3 -1.5741568270336905], [-286.0 130.0 1.3557391387191216]
camB_part1_007 00000260.jpg [-221.0 33.800000000000004 -0.9541512712345638], [-169.0 29.900000000000002 -2.2784794271014914], [-165.1 -33.800000000000004 2.121503998375843], [-234.0 -37.7 0.4663666326585094]
camB_part1_007 00000330.jpg [97.5 46.800000000000004 -2.677706697807379], [57.2 -24.7 1.5473666523199285], [128.70000000000002 -28.6 2.5776623204340128], [16.900000000000002 15.600000000000001 -0.022898003264122144]
camB_part1_007 00001520.jpg [-310.7 -152.1 -2.665254467457571], [-347.1 -143.0 -0.7697480030007009]
camB_part1_007 00002430.jpg [-239.20000000000002 224.9 -1.3503380629217365], [-219.70000000000002 152.1 1.7954743416651844]
camB_part1_007 00002780.jpg [-325.0 -132.6 -0.033924425991093785], [-267.8 -156.0 2.5441670989566667], [-280.8 -89.7 -1.8766516131041857]
camB_part1_007 00003080.jpg [-215.8 37.7 -1.0632025651182082], [-219.70000000000002 -29.900000000000002 0.8365481075968043], [-156.0 -19.5 1.9910960230765917], [-150.8 46.800000000000004 -1.8967517216007668]
camB_part1_007 00003260.jpg [50.7 -24.7 0.47434489654926415], [111.8 32.5 -2.082383653514707], [106.60000000000001 -32.5 2.0709127455278202]
camB_part1_007 00003520.jpg [50.7 -22.1 0.8119385370445341], [111.8 -20.8 2.0468763268536168], [124.80000000000001 55.9 -2.4331162442746086], [39.0 61.1 -1.0942415759581896]
camB_part1_007 00004300.jpg [-218.4 39.0 -0.4019086874916871], [-219.70000000000002 -33.800000000000004 0.6870162736512105], [-165.1 -16.900000000000002 2.2262577602763893], [-140.4 66.3 -2.507524035157072]
camB_part1_007 00004560.jpg [-209.3 46.800000000000004 -1.9006482140030194], [-215.8 -29.900000000000002 1.109014443401161], [-165.1 -9.1 2.6861634701070636], [-135.20000000000002 57.2 -2.829490530011955], [-253.5 1.3 -0.04427347663251792]
camB_part1_007 00005470.jpg [28.6 32.5 -1.0637679119670362], [53.300000000000004 -26.0 1.3620573665168836], [126.10000000000001 20.8 -2.6831265035746807], [79.3 109.2 -1.6982519806925676]
camB_part1_007 00006390.jpg [-16.900000000000002 172.9 -1.6905219572656907], [-40.300000000000004 93.60000000000001 1.095139162291178]
camB_part1_007 00006890.jpg [-29.900000000000002 163.8 -1.2169097081080131], [-20.8 109.2 1.2638936370852858], [36.4 137.8 3.1097187738644765]
camB_part1_008 00001320.jpg [-213.20000000000002 -32.5 0.20813833919408836], [-143.0 -28.6 2.125375245080671], [-154.70000000000002 35.1 -3.0841161349119943], [-235.3 36.4 -0.514160822383833], [-196.3 72.8 -1.5180093269239392]
camB_part1_008 00002160.jpg [-39.0 -257.40000000000003 0.780355688651204], [3.9000000000000004 -208.0 -1.8166563063221832]
camB_part1_008 00003340.jpg [-122.2 41.6 -0.149470627098446], [-55.9 27.3 2.8046494553221746]
camB_part1_008 00005710.jpg [124.80000000000001 136.5 -0.15943851099028275], [210.6 100.10000000000001 2.7197674371673544]
camB_part1_009 00001000.jpg [-205.4 42.9 -1.0666223688495173], [-222.3 -31.200000000000003 0.44433195364719413], [-165.1 -22.1 1.9405918912898763], [-139.1 44.2 -2.5044568306718498]
camB_part1_009 00002550.jpg [169.0 166.4 -2.2442400628413885], [88.4 188.5 -1.0579668080354503], [150.8 93.60000000000001 2.201855110999959]
camB_part1_009 00002790.jpg [-273.0 236.6 -1.3516182393468739], [-210.6 188.5 -2.9007968350124034], [-266.5 141.70000000000002 1.344334464728499]
camB_part1_009 00003640.jpg [93.60000000000001 -146.9 -1.982809070652366], [50.7 -111.8 -1.2736936066005993]
camB_part1_009 00005690.jpg [-208.0 29.900000000000002 -0.6251373030847683], [-215.8 -24.7 0.16779371615172414], [-135.20000000000002 -53.300000000000004 2.496909770640993], [-131.3 48.1 -1.5189953762585666], [-85.8 -15.600000000000001 2.898549566658997]
camB_part1_010 00000630.jpg [-224.9 -74.10000000000001 -0.3371038904282694], [-156.0 -115.7 2.523961092899791]
camB_part1_010 00001040.jpg [-236.6 44.2 -0.6428911905807518], [-135.20000000000002 14.3 -3.0253421738246344], [-219.70000000000002 -7.800000000000001 0.266576532884867]
camB_part1_010 00001790.jpg [-196.3 -131.3 3.07397254242942], [-261.3 -110.5 -1.1847586697834063], [-312.0 -148.20000000000002 0.07382769993717189]
camB_part1_010 00002280.jpg [-40.300000000000004 189.8 -2.4328894160881407], [-89.7 139.1 0.9834395912862188]
camB_part1_010 00002550.jpg [-63.7 184.6 3.1373669777669564], [-105.3 156.0 0.9407822234597739], [-163.8 137.8 0.6774484769479205]
camB_part1_010 00002620.jpg [93.60000000000001 171.6 -2.6845278763259737], [40.300000000000004 127.4 1.100800324646943]
camB_part1_010 00003300.jpg [-276.90000000000003 -96.2 -1.6048515373150456], [-271.7 -158.6 0.08015380710393434], [-215.8 -162.5 3.0363585922035337], [-351.0 -126.10000000000001 -0.06897212114244489]
camB_part1_010 00005670.jpg [-262.6 -68.9 -0.0212615636161694], [-198.9 -58.5 -2.4311567187273573], [-269.1 -156.0 0.3359013598155581], [-209.3 -156.0 2.880357771298377], [-141.70000000000002 -113.10000000000001 -3.0853454863548673]
camB_part1_010 00006520.jpg [209.3 109.2 -0.9247458678875916], [267.8 76.7 3.027259772597272], [209.3 20.8 1.3272232881357058]
camB_part1_011 00000570.jpg [80.60000000000001 -165.1 1.500949488198087], [133.9 -91.0 -3.100611585096279], [55.9 -72.8 -0.7514255466644935]
camB_part1_011 00001990.jpg [193.70000000000002 -169.0 -1.1927342942169952], [270.40000000000003 -211.9 -3.048689129423798], [241.8 -156.0 -2.0382684404843014]
camB_part1_011 00005590.jpg [45.5 62.400000000000006 -1.0349727047563642], [88.4 76.7 -1.7819352948979676], [133.9 -7.800000000000001 2.734180416457142]
camB_part1_011 00005670.jpg [52.0 49.4 -1.3339853585849237], [83.2 75.4 -1.844529669220007], [81.9 -1.3 2.066652062505242], [130.0 41.6 -2.7657193942856764]
camB_part1_012 00005630.jpg [158.6 -222.3 0.48062999115853083], [253.5 -223.6 2.905744895108928], [141.70000000000002 -163.8 -0.7633278834169439]
camB_part1_012 00005910.jpg [223.6 -14.3 -1.806427379181763], [248.3 -61.1 -2.8623281460765853], [171.6 -85.8 0.2056829663696629], [219.70000000000002 -102.7 2.02470882765492]
camB_part1_012 00006480.jpg [-62.400000000000006 179.4 -2.811678940666308], [-163.8 166.4 0.32546835734652696], [-140.4 119.60000000000001 1.2101359931162663]
camB_part1_012 00006950.jpg [-1.3 105.3 -1.9936156600508135], [-29.900000000000002 35.1 1.2904110133468174]
camB_part1_013 00001140.jpg [-170.3 165.1 -0.683600567272487], [-80.60000000000001 196.3 -2.394164646329068], [-105.3 131.3 2.62440799520525]
camB_part1_013 00002120.jpg [-197.6 66.3 -0.3771356336514691], [-165.1 -29.900000000000002 1.5371815027161622], [-143.0 53.300000000000004 -2.9233837224260464]
camB_part1_013 00002380.jpg [-205.4 67.60000000000001 -0.0780307963795576], [-166.4 -19.5 1.7529807300280715], [-139.1 40.300000000000004 2.5979613861914235], [-126.10000000000001 66.3 -2.888726311624587]
camB_part1_013 00002820.jpg [-88.4 -87.10000000000001 -2.3885576401888424], [-119.60000000000001 -137.8 1.1169743289942953]
camB_part1_013 00002880.jpg [-26.0 -133.9 2.042995409497265], [-70.2 -61.1 -1.0322164717184659]
camB_part1_013 00003510.jpg [178.1 135.20000000000002 -2.5170230942632847], [114.4 113.10000000000001 0.00863176265901378]
camB_part1_013 00003550.jpg [182.0 139.1 -1.5224334622526143], [156.0 102.7 0.07891919244467585], [236.6 62.400000000000006 2.5674869808329754]
camB_part1_013 00004970.jpg [-219.70000000000002 48.1 -1.008675844806037], [-162.5 39.0 -2.7402399558909503], [-172.9 -26.0 2.132230465885761], [-237.9 -24.7 0.8497445634651423]
camB_part1_013 00005560.jpg [187.20000000000002 127.4 -0.04412332004334597], [169.0 63.7 0.8000886437630679], [231.4 49.4 1.864156314981689], [228.8 150.8 -1.9160553265394602]
camB_part1_014 00001650.jpg [-261.3 20.8 -0.03956975682365654], [-166.4 53.300000000000004 -2.82120775415201], [-179.4 -40.300000000000004 1.602270291551124], [-249.60000000000002 -48.1 0.9990851163734858]
camB_part2_002 00001250.jpg [-235.3 49.4 -0.20325435357569405], [-148.20000000000002 39.0 3.139751633888058], [-161.20000000000002 -42.9 1.9210440864678289], [-256.1 -28.6 0.2854113900424972], [-211.9 -80.60000000000001 1.4347525516620623]
camB_part2_002 00004320.jpg [-140.4 40.300000000000004 -2.342380075282216], [-234.0 44.2 -0.6080124339348747], [-252.20000000000002 -29.900000000000002 0.3202543321176115], [-213.20000000000002 -65.0 1.1103937488384301], [-145.6 -33.800000000000004 2.1744658064588096]
camB_part2_002 00004750.jpg [276.90000000000003 74.10000000000001 2.106753744071848], [258.7 165.1 -1.4279445381216092]
camB_part2_003 00000605.jpg [-205.4 66.3 -1.605702912], [-143.0 40.300000000000004 -2.635289619769029], [-143.0 -31.200000000000003 -2.973864352841164], [-205.4 -65.0 2.913299682911783], [-276.90000000000003 -88.4 1.396263402], [-301.6 -37.7 -0.05235987756]
camB_part2_003 00003550.jpg [128.70000000000002 -102.7 -1.2971063558428086], [55.9 -140.4 -0.16013024985611224]
camB_part2_003 00005900.jpg [-210.6 53.300000000000004 -1.1079381434355808], [-154.70000000000002 29.900000000000002 -2.4187958584657934], [-153.4 -33.800000000000004 2.3299460120557574], [-234.0 -20.8 0.42098302764664]
camB_part2_003 00006340.jpg [-262.6 123.5 1.610870264690774], [-310.7 106.60000000000001 1.023833015410668], [-325.0 165.1 0.4736038608368056], [-327.6 235.3 -1.1027329985483418]
camB_part2_004 00001420.jpg [-306.8 224.9 -0.8532580100191997], [-305.5 135.20000000000002 0.7689953274099501], [-250.9 133.9 1.5979144359272526], [-206.70000000000002 158.6 2.3884441044583102], [-357.5 135.20000000000002 0.4492831007842268]
camB_part2_004 00004020.jpg [166.4 -236.6 2.8547356244541153], [158.6 -172.9 -1.5519992100980735], [94.9 -210.6 -0.18877097918741828]
camB_part2_004 00006100.jpg [132.6 179.4 -3.089558191341881], [49.4 140.4 0.6049682877870628]
camB_part2_004 00006420.jpg [-58.5 87.10000000000001 0.832305061251509], [-1.3 106.60000000000001 -3.0892553150816067]
camB_part2_005 00000750.jpg [-20.8 33.800000000000004 0.8715936628071911], [-33.800000000000004 78.0 -0.7555575467221852]
camB_part2_005 00001180.jpg [102.7 11.700000000000001 -3.0563366142784023], [55.9 -49.4 1.5306364912417607], [10.4 10.4 -0.11424414725111831], [41.6 58.5 -1.236145515587985]
camB_part2_005 00001460.jpg [-221.0 62.400000000000006 -0.8923173500607493], [-148.20000000000002 42.9 -2.2285250363191893], [-161.20000000000002 -35.1 1.917333881427834], [-226.20000000000002 -48.1 0.8581774661625298]
camB_part2_005 00001860.jpg [140.4 123.5 -0.13079056546056642], [180.70000000000002 87.10000000000001 1.8358456159715428]
camB_part2_005 00002220.jpg [-97.5 150.8 0.9413732091666459], [-153.4 167.70000000000002 0.4288026261655545], [-48.1 222.3 -2.604706244716856]
camB_part2_005 00006020.jpg [-235.3 14.3 -0.16279440721862107], [-146.9 35.1 -2.86228097365314], [-157.3 -44.2 1.9110124332803657], [-210.6 81.9 -1.2439306891918434]
camB_part2_006 00002810.jpg [55.9 41.6 -1.2752504276380348], [49.4 -35.1 1.049539628984738], [102.7 -31.200000000000003 2.4291309048816023], [13.0 11.700000000000001 -0.26942785538659075]
camB_part2_006 00002820.jpg [-302.90000000000003 166.4 1.9779307261150587], [-339.3 254.8 -1.2145136926163913]
camB_part2_006 00002950.jpg [-344.5 124.80000000000001 -2.6973338992547795], [-323.7 80.60000000000001 3.094684463896984], [-430.3 87.10000000000001 -0.0695756191964335]
camB_part2_007 00000230.jpg [67.60000000000001 48.1 -2.0993801175679994], [15.600000000000001 10.4 0.1714654254250975]
camB_part2_007 00000580.jpg [71.5 40.300000000000004 -1.595946354149502], [45.5 -1.3 0.11528901128459855], [79.3 -49.4 1.723225398580814]
camB_part2_007 00001110.jpg [113.10000000000001 -127.4 1.4204692344271168], [162.5 -72.8 2.636639274559332], [128.70000000000002 -20.8 -1.8516468148633174]
camB_part2_007 00005365.jpg [287.3 -209.3 2.930888459483732], [215.8 -192.4 0.003866237140978197], [223.6 -109.2 -1.5014500107559203]
camB_part2_007 00006350.jpg [-41.6 -226.20000000000002 -0.17226070724782977], [-23.400000000000002 -283.40000000000003 1.2955599048787783], [27.3 -241.8 2.9355803196050996], [16.900000000000002 -169.0 -1.9787924496944918]
camB_part2_007 00006420.jpg [196.3 -74.10000000000001 1.5352455996336747], [211.9 3.9000000000000004 -1.8524485448897297]
camB_part2_007 00006710.jpg [244.4 -52.0 2.8913260748257836], [236.6 -19.5 -2.8103554217422384], [198.9 19.5 -1.743729821091065]
camB_part2_007 00006790.jpg [-273.0 1.3 1.2250274402203698], [-295.1 36.4 0.0393049086182214], [-210.6 72.8 -2.3138750014291314]
camB_part2_008 00000300.jpg [156.0 -205.4 1.8291810433867133], [107.9 -146.9 0.6456102234218684], [165.1 -59.800000000000004 -1.9474705621672679]
camB_part2_008 00004530.jpg [67.60000000000001 61.1 -1.5348281036187341], [118.3 7.800000000000001 -2.8466071122438334], [31.200000000000003 -36.4 0.8811060159756372]
camB_part2_008 00005580.jpg [-41.6 178.1 -2.0170265717910243], [-79.3 92.3 1.0510490783064679]
camB_part2_009 00000970.jpg [68.9 53.300000000000004 -1.6062703316827687], [45.5 -18.2 0.6398560443954402], [127.4 9.1 -3.109713687907437], [85.8 -50.7 1.8133068461996853]
camB_part2_009 00001030.jpg [-226.20000000000002 187.20000000000002 2.839700543008919], [-295.1 209.3 -0.04452809703939033]
camB_part2_009 00005770.jpg [-16.900000000000002 159.9 -2.637749925781221], [-59.800000000000004 117.0 1.5497012194531845]
camB_part2_009 00006670.jpg [243.1 67.60000000000001 2.7923029890165822], [141.70000000000002 105.3 -0.28844337990461855]
camB_part2_010 00002360.jpg [183.3 -118.3 -1.8468580496786864], [162.5 -176.8 1.0396388587638223]
camB_part2_010 00004330.jpg [-89.7 80.60000000000001 -0.5543628763681717], [-19.5 143.0 -2.5731162968971266], [-37.7 26.0 1.5387521256091667]
camB_part2_010 00006410.jpg [-5.2 150.8 -2.7095645896458125], [5.2 65.0 2.3038971041384664], [-74.10000000000001 68.9 1.4263962992963468], [-83.2 141.70000000000002 -1.3605788975615236]
camB_part2_010 00006590.jpg [224.9 -154.70000000000002 -1.9769483139804256], [167.70000000000002 -236.6 0.8069276438939507]
camB_part2_011 00000160.jpg [265.2 -205.4 2.674639609736487], [221.0 -159.9 -0.5681215796465606], [184.6 -228.8 0.611678243123938]
camB_part2_011 00006330.jpg [-234.0 172.9 2.3704019892764303], [-312.0 198.9 -0.17789548220645823]
camB_part2_012 00000230.jpg [214.5 -132.6 -1.4074898074603925], [269.1 -175.5 3.12792329993083], [166.4 -182.0 -0.04104971976120562]
camB_part2_012 00001030.jpg [148.20000000000002 -153.4 1.282056605298083], [161.20000000000002 -105.3 -1.8686190944613221]
camB_part2_012 00001370.jpg [-104.0 149.5 -1.1787905801237213], [-32.5 145.6 -2.4190519851890753], [-29.900000000000002 78.0 3.107412091897066], [-111.8 66.3 1.0968972438221212]
camB_part2_012 00001990.jpg [-100.10000000000001 149.5 -1.189138314918993], [-36.4 149.5 -2.451269855692594], [-44.2 80.60000000000001 2.4251894429318637], [-117.0 91.0 0.401516480075363]
camB_part2_012 00004760.jpg [-107.9 133.9 -0.4276224061883267], [-41.6 170.3 -2.6068486305480825], [-18.2 79.3 2.3972764090390735], [-88.4 178.1 -1.1737954836791606]
camB_part2_012 00005000.jpg [-167.70000000000002 -32.5 1.7603829342088788], [-152.1 32.5 -2.3148789163703953], [-258.7 -11.700000000000001 0.014706053467689374]
camB_part2_013 00003860.jpg [-172.9 -54.6 1.5855586275565632], [-140.4 22.1 -3.1358524399960137], [-166.4 67.60000000000001 -1.5708997921164005]
camB_part2_013 00004410.jpg [65.0 36.4 -1.4691310110670526], [119.60000000000001 33.800000000000004 -2.727515821767756]
camB_part2_014 00001780.jpg [226.20000000000002 188.5 -1.8459626103911773], [193.70000000000002 92.3 1.2073834485928367]
camB_part2_014 00001890.jpg [169.0 140.4 -0.16267873538631195], [209.3 110.5 -0.6182319777407443], [278.2 55.9 2.400103213040608]
camB_part2_014 00002060.jpg [-9.1 206.70000000000002 -2.130452117547457], [5.2 136.5 2.6893359419929017], [-102.7 127.4 0.3943819329380063]
camB_part2_014 00005090.jpg [-358.8 -93.60000000000001 1.4277826110677718], [-351.0 -14.3 -1.5932209713350227]
camB_part2_014 00005640.jpg [-27.3 187.20000000000002 -2.44128742744442], [-48.1 128.70000000000002 2.271379597223605], [-96.2 127.4 0.5747811600140218]
camB_part3_001 00000330.jpg [-39.0 137.8 -1.2706323362075829], [-41.6 91.0 0.183345443417171], [32.5 93.60000000000001 -2.609185926467431], [10.4 44.2 1.56281192936809]
camB_part3_001 00000900.jpg [-218.4 -37.7 0.670150574013606], [-149.5 35.1 -1.9344995765733828], [-143.0 -33.800000000000004 1.9737227592289686]
camB_part3_001 00004040.jpg [-135.20000000000002 -48.1 -0.359845111461114], [-52.0 -71.5 2.884887537728801]
camB_part3_001 00004080.jpg [-119.60000000000001 -48.1 -0.19402555491707066], [-54.6 -85.8 2.2808833914607756], [-33.800000000000004 -31.200000000000003 -3.069672782542498]
camB_part3_001 00004670.jpg [-126.10000000000001 41.6 -1.0738084377545272], [-123.5 -63.7 0.4841481429410119], [-40.300000000000004 -75.4 2.0274421572619055], [-20.8 24.7 -2.4813709381002633], [-19.5 -36.4 3.0836057421405307]
camB_part3_001 00005710.jpg [-204.1 -10.4 0.16124750673588262], [-137.8 40.300000000000004 -1.6727289237892695], [-126.10000000000001 -23.400000000000002 2.4369573795755186]
camB_part3_001 00006940.jpg [-123.5 -2.6 2.7628697839840943], [-165.1 49.4 -1.611876633731818], [-204.1 -29.900000000000002 0.7641521818405839]
camB_part3_002 00001920.jpg [-189.8 53.300000000000004 -1.510644247960367], [-201.5 -33.800000000000004 0.6026802290438988], [-117.0 -5.2 2.4628076118235938], [-141.70000000000002 -46.800000000000004 2.293923557256656]
camB_part3_002 00002140.jpg [-37.7 61.1 -0.8083004688408919], [6.5 26.0 2.4774862636124615]
camB_part3_002 00004820.jpg [-226.20000000000002 -83.2 -0.14050186751800395], [-132.6 -78.0 -2.927460396997031], [-192.4 -150.8 1.2528178171864297], [-127.4 -152.1 2.3643440911956395]
camB_part3_002 00005980.jpg [-280.8 46.800000000000004 -0.450773871932155], [-224.9 -7.800000000000001 0.34535618544222474], [-193.70000000000002 67.60000000000001 -1.3300622675129607], [-131.3 23.400000000000002 -3.099865872543674], [-123.5 -22.1 2.6484103071947653]
camB_part3_003 00000080.jpg [187.20000000000002 185.9 -2.90869160603718], [128.70000000000002 115.7 2.2193410972692416], [35.1 172.9 -0.9801995484979702], [24.7 127.4 0.47994068901834497]
camB_part3_003 00000257.jpg [-253.5 52.0 -0.811578102177], [-239.20000000000002 -31.200000000000003 1.6213792184509173], [-191.1 85.8 -1.7891955076203356], [-133.9 50.7 -2.4513667124622947], [-97.5 5.2 3.1223019141264814], [-153.4 -26.0 2.116878935223367], [-292.5 -26.0 0.41237494542000314]
camB_part3_003 00001700.jpg [-230.1 -146.9 0.06983375798023847], [-165.1 -146.9 2.313917913841837], [-201.5 -65.0 -1.2747833201586634]
camB_part3_003 00004200.jpg [-48.1 -24.7 1.5640300200474488], [-46.800000000000004 53.300000000000004 -1.5614399696986074]
camB_part3_003 00004600.jpg [-247.0 -19.5 0.48936685278005543], [-146.9 -19.5 2.2000514089759253], [-148.20000000000002 27.3 -2.7078399156233393], [-185.9 75.4 -1.8766156640566096], [-256.1 50.7 -0.1723082744435265]
camB_part3_003 00005860.jpg [-326.3 54.6 -2.1070045621550006], [-366.6 1.3 0.9234455511913566]
camB_part3_004 00000710.jpg [-170.3 67.60000000000001 -1.3266666374778355], [-140.4 13.0 2.4716806365702304], [-210.6 6.5 0.5370259748334392], [-114.4 54.6 -3.047352261264283]
camB_part3_004 00000930.jpg [-356.2 -52.0 -1.1715096079523608], [-327.6 -131.3 1.8098762419158618]
camB_part3_004 00002450.jpg [33.800000000000004 -226.20000000000002 -2.618108865338819], [-35.1 -253.5 0.40499623030979687]