camA_part1_002 00005280.jpg [-189.8 97.5 0.05307457732548016], [-114.4 105.3 2.2853518751351523], [-104.0 178.1 -1.8996404731570153]
camA_part1_002 00006890.jpg [-170.3 188.5 -0.5011904253120306], [-97.5 184.6 -3.0086646208410865]
camA_part1_003 00000399.jpg [308.1 105.3 -3.055785990179259], [266.5 22.1 2.116722100821422], [162.5 165.1 -0.6435085187657125]
camA_part1_003 00000529.jpg [68.9 237.9 -1.725492847677449], [48.1 163.8 1.5286684948184481]
camA_part1_003 00002189.jpg [140.4 29.900000000000002 -0.6060105143104838], [161.20000000000002 -33.800000000000004 1.3225224214338973]
camA_part1_003 00005629.jpg [-23.400000000000002 182.0 1.7181878430770656], [-44.2 222.3 0.748896576234792]
camA_part1_004 00000050.jpg [7.800000000000001 249.60000000000002 -0.5791388285933119], [42.9 193.70000000000002 1.8210108481648097], [83.2 257.40000000000003 -2.4915255708926125]
camA_part1_004 00000400.jpg [-323.7 63.7 -2.51015125210399], [-375.7 10.4 0.8809536620220891]
camA_part1_004 00002140.jpg [2.6 127.4 2.4941682992770464], [-74.10000000000001 131.3 0.5109153525457952]
camA_part1_004 00002800.jpg [10.4 44.2 -2.4097808326457013], [-65.0 76.7 -0.8469613699182199], [-53.300000000000004 -6.5 1.242874586590065]
camA_part1_004 00003601.jpg [-286.0 -93.60000000000001 -0.18603354009759976], [-345.8 -126.10000000000001 -0.8251260055036305], [-270.40000000000003 -184.6 0.5021577921842575], [-169.0 -102.7 -2.7131917807153876]
camA_part1_004 00004790.jpg [-256.1 -117.0 0.5473354067556521], [-183.3 -153.4 2.3917508083241854], [-211.9 -68.9 -2.2032038332456247]
camA_part1_004 00005910.jpg [221.0 -169.0 -3.0974994858829894], [152.1 -152.1 -0.4880983378177061]
camA_part1_004 00006575.jpg [27.3 209.3 1.9334476819055704], [-29.900000000000002 228.8 0.5690998501217053]
camA_part1_004 00006680.jpg [-208.0 66.3 0.6890073133878196], [-219.70000000000002 133.9 -0.8319996187712382], [-123.5 124.80000000000001 -3.092058578286502]
camA_part1_004 00006890.jpg [-85.8 70.2 -0.9222476461581233], [3.9000000000000004 39.0 -2.6207307719957598], [-65.0 -67.60000000000001 2.9753854032344074], [-143.0 -48.1 -0.03462327634340487]
camA_part1_005 00000320.jpg [158.6 -158.6 -0.08538329476186865], [235.3 -139.1 -2.9453095059941723], [179.4 -205.4 1.0614311648959802]
camA_part1_005 00004190.jpg [-435.5 50.7 0.8266021268896019], [-364.0 36.4 2.7298303355781264]
camA_part1_006 00000200.jpg [171.6 184.6 1.4769761885972044], [211.9 188.5 2.1226174815204004]
camA_part1_006 00002310.jpg [170.3 176.8 1.3777798955808709], [217.1 184.6 1.7506320145211174], [248.3 256.1 -2.71064053786097]
camA_part1_006 00004070.jpg [228.8 -36.4 2.7284919750529575], [150.8 -26.0 0.16838995931976858]
camA_part1_006 00004400.jpg [-143.0 -169.0 -0.8905179211917097], [-70.2 -192.4 -3.063547939944979]
camA_part1_006 00004490.jpg [178.1 -19.5 0.9949036310280615], [224.9 -18.2 2.5171685168426516], [176.8 70.2 -1.3830885217324087]
camA_part1_006 00004500.jpg [451.1 80.60000000000001 -1.9438969832399726], [399.1 87.10000000000001 -0.7314951200609903]
camA_part1_006 00005680.jpg [236.6 -24.7 2.6766941544277465], [162.5 -28.6 1.5049458967359908], [139.1 66.3 -0.36043149527351154], [197.6 92.3 -1.973741484563148]
camA_part1_006 00005800.jpg [234.0 -20.8 2.671306031369051], [158.6 -26.0 0.5722506722348896], [146.9 53.300000000000004 -0.058057923351936984], [192.4 115.7 -1.3841163734807993], [262.6 41.6 -2.7165333918178427]
camA_part1_006 00006800.jpg [228.8 -18.2 3.0301713620831], [166.4 -23.400000000000002 0.9512909599104198], [135.20000000000002 55.9 -0.7393882947643438], [198.9 94.9 -1.7484671483299776], [124.80000000000001 11.700000000000001 -0.147447691607846]
camA_part1_006 00007000.jpg [234.0 -2.6 3.0493753244924546], [176.8 -42.9 1.4279513239181534], [135.20000000000002 6.5 -0.37530794901034903], [135.20000000000002 70.2 -0.9926601914570036], [196.3 97.5 -1.8374261516765533], [252.20000000000002 54.6 -2.718517947317457]
camA_part1_007 00000960.jpg [231.4 214.5 -1.9609847939087133], [189.8 145.6 1.591514154042316]
