camA_part1_002 00005280.jpg [-189.8 97.5 0.05307457732548016], [-114.4 105.3 2.2853518751351523], [-104.0 178.1 -1.8996404731570153]
camA_part1_002 00006890.jpg [-170.3 188.5 -0.5011904253120306], [-97.5 184.6 -3.0086646208410865]
camA_part1_003 00000399.jpg [308.1 105.3 -3.055785990179259], [266.5 22.1 2.116722100821422], [162.5 165.1 -0.6435085187657125]
camA_part1_003 00000529.jpg [68.9 237.9 -1.725492847677449], [48.1 163.8 1.5286684948184481]
camA_part1_003 00002189.jpg [140.4 29.900000000000002 -0.6060105143104838], [161.20000000000002 -33.800000000000004 1.3225224214338973]
camA_part1_003 00005629.jpg [-23.400000000000002 182.0 1.7181878430770656], [-44.2 222.3 0.748896576234792]
camA_part1_004 00000050.jpg [7.800000000000001 249.60000000000002 -0.5791388285933119], [42.9 193.70000000000002 1.8210108481648097], [83.2 257.40000000000003 -2.4915255708926125]
camA_part1_004 00000400.jpg [-323.7 63.7 -2.51015125210399], [-375.7 10.4 0.8809536620220891]
camA_part1_004 00002140.jpg [2.6 127.4 2.4941682992770464], [-74.10000000000001 131.3 0.5109153525457952]
camA_part1_004 00002800.jpg [10.4 44.2 -2.4097808326457013], [-65.0 76.7 -0.8469613699182199], [-53.300000000000004 -6.5 1.242874586590065]
camA_part1_004 00003601.jpg [-286.0 -93.60000000000001 -0.18603354009759976], [-345.8 -126.10000000000001 -0.8251260055036305], [-270.40000000000003 -184.6 0.5021577921842575], [-169.0 -102.7 -2.7131917807153876]
camA_part1_004 00004790.jpg [-256.1 -117.0 0.5473354067556521], [-183.3 -153.4 2.3917508083241854], [-211.9 -68.9 -2.2032038332456247]
camA_part1_004 00005910.jpg [221.0 -169.0 -3.0974994858829894], [152.1 -152.1 -0.4880983378177061]
camA_part1_004 00006575.jpg [27.3 209.3 1.9334476819055704], [-29.900000000000002 228.8 0.5690998501217053]
camA_part1_004 00006680.jpg [-208.0 66.3 0.6890073133878196], [-219.70000000000002 133.9 -0.8319996187712382], [-123.5 124.80000000000001 -3.092058578286502]
camA_part1_004 00006890.jpg [-85.8 70.2 -0.9222476461581233], [3.9000000000000004 39.0 -2.6207307719957598], [-65.0 -67.60000000000001 2.9753854032344074], [-143.0 -48.1 -0.03462327634340487]
